testcolon

n =

   1.0000e+09


A =

                  (1,1)                       1
                  (3,1)                      42
          (499999999,1)                      87
         (1000000000,1)                      92


G =

    1000000000x1 GraphBLAS double matrix, standard CSC, 4 entries

    (1,1)    1
    (3,1)    42
    (499999999,1)    87
    (1000000000,1)    92


z =

    250000000x1 GraphBLAS double matrix, standard CSC, 3 entries

    (1,1)    1
    (2,1)    42
    (250000000,1)    87

Elapsed time is 0.022408 seconds.

x =

                  (1,1)                       1
                  (2,1)                      42
          (250000000,1)                      87

Elapsed time is 4.086636 seconds.

y =

    250000000x1 GraphBLAS double matrix, standard CSC, 3 entries

    (1,1)    1
    (2,1)    42
    (250000000,1)    87

Elapsed time is 2.927286 seconds.

c =

    'GLNXA64'


huge =

   2.8147e+14


H =

    281474976710655x281474976710655 GraphBLAS double matrix, hypersparse CSC, no entries


M =

    16     2     3    13
     5    11    10     8
     9     7     6    12
     4    14    15     1


H =

    281474976710655x281474976710655 GraphBLAS double matrix, hypersparse CSC, 16 entries

    (35743611158775,35743611158775)    16
    (229324330653140,35743611158775)    5
    (254957764393059,35743611158775)    9
    (257092447834803,35743611158775)    4
    (35743611158775,229324330653140)    2
    (229324330653140,229324330653140)    11
    (254957764393059,229324330653140)    7
    (257092447834803,229324330653140)    14
    (35743611158775,254957764393059)    3
    (229324330653140,254957764393059)    10
    (254957764393059,254957764393059)    6
    (257092447834803,254957764393059)    15
    (35743611158775,257092447834803)    13
    (229324330653140,257092447834803)    8
    (254957764393059,257092447834803)    12
    (257092447834803,257092447834803)    1


M2 =

    4x4 GraphBLAS double matrix, standard CSC, 16 entries

    (1,1)    16
    (2,1)    5
    (3,1)    9
    (4,1)    4
    (1,2)    2
    (2,2)    11
    (3,2)    7
    (4,2)    14
    (1,3)    3
    (2,3)    10
    (3,3)    6
    (4,3)    15
    (1,4)    13
    (2,4)    8
    (3,4)    12
    (4,4)    1


time to construct H: 0.028406 sec

middle =

   2.4214e+14


H2 =

    242141047523100x242141047523100 GraphBLAS double matrix, hypersparse CSC, 4 entries

    (35743611158775,35743611158775)    16
    (229324330653140,35743611158775)    5
    (35743611158775,229324330653140)    2
    (229324330653140,229324330653140)    11

Elapsed time is 0.003660 seconds.
{Maximum variable size allowed by the program is exceeded.

Error in testcolon (line 57)
H2 = H (1:middle, 1:middle)
} 
diary off
