go8

################################################################################

Prob = 

  struct with fields:

      name: 'GAP/GAP-twitter'
     title: 'GAP benchmark: twitter'
         A: [61578415x61578415 double]
        id: 2852
      date: '2017'
    author: 'H. Kwak, C. Lee, H. Park, S. Moon'
        ed: 'S. Beamer, K. Asanovic, D. Patterson'
      kind: 'directed weighted graph'
       aux: [1x1 struct]
     notes: [106x69 char]

Elapsed time is 107.885114 seconds.

m 61578415 =======================threads is 1 nnz(B) is 61578415

nthreads is 1
MATLAB:
Elapsed time is 59.132394 seconds.
GrB:
Elapsed time is 44.620400 seconds.

--------------------- GrB.hash3:
Elapsed time is 55.556264 seconds.
totnz/n      25.50 nnz C: 4.01033e+07 A: 1.46836e+09 B: 6.15784e+07
err 0 0


m 61578415 =======================threads is 2 nnz(B) is 61578415

nthreads is 2
MATLAB:
Elapsed time is 59.108486 seconds.
GrB:
Elapsed time is 28.311243 seconds.

--------------------- GrB.hash3:
Elapsed time is 22.043615 seconds.
totnz/n      25.50 nnz C: 4.01033e+07 A: 1.46836e+09 B: 6.15784e+07
err 0.000398387 2.83294e-15


m 61578415 =======================threads is 4 nnz(B) is 61578415

nthreads is 4
MATLAB:
Elapsed time is 59.290458 seconds.
GrB:
Elapsed time is 18.387238 seconds.

--------------------- GrB.hash3:
Elapsed time is 11.632791 seconds.
totnz/n      25.50 nnz C: 4.01033e+07 A: 1.46836e+09 B: 6.15784e+07
err 0.000398143 2.72524e-15


m 61578415 =======================threads is 8 nnz(B) is 61578415

nthreads is 8
MATLAB:
Elapsed time is 59.092180 seconds.
GrB:
Elapsed time is 13.403538 seconds.

--------------------- GrB.hash3:
Elapsed time is 6.344083 seconds.
totnz/n      25.50 nnz C: 4.01033e+07 A: 1.46836e+09 B: 6.15784e+07
err 0.000405255 2.93428e-15


m 61578415 =======================threads is 16 nnz(B) is 61578415

nthreads is 16
MATLAB:
Elapsed time is 59.148156 seconds.
GrB:
Elapsed time is 11.675378 seconds.

--------------------- GrB.hash3:
Elapsed time is 3.774699 seconds.
totnz/n      25.50 nnz C: 4.01033e+07 A: 1.46836e+09 B: 6.15784e+07
err 0.000399992 2.71489e-15


m 61578415 =======================threads is 20 nnz(B) is 61578415

nthreads is 20
MATLAB:
Elapsed time is 59.120720 seconds.
GrB:
Elapsed time is 11.509576 seconds.

--------------------- GrB.hash3:
Elapsed time is 3.294067 seconds.
totnz/n      25.50 nnz C: 4.01033e+07 A: 1.46836e+09 B: 6.15784e+07
err 0.00040272 2.89103e-15


m 61578415 =======================threads is 32 nnz(B) is 61578415

nthreads is 32
MATLAB:
Elapsed time is 59.309100 seconds.
GrB:
Elapsed time is 13.090648 seconds.

--------------------- GrB.hash3:
Elapsed time is 2.959044 seconds.
totnz/n      25.50 nnz C: 4.01033e+07 A: 1.46836e+09 B: 6.15784e+07
err 0.000396898 2.91548e-15


m 61578415 =======================threads is 40 nnz(B) is 61578415

nthreads is 40
MATLAB:
Elapsed time is 59.164241 seconds.
GrB:
Elapsed time is 13.506473 seconds.

--------------------- GrB.hash3:
Elapsed time is 2.802156 seconds.
totnz/n      25.50 nnz C: 4.01033e+07 A: 1.46836e+09 B: 6.15784e+07
err 0.000396735 3.02631e-15


m 61578415 =======================threads is 1 nnz(B) is 61544

nthreads is 1
MATLAB:
Elapsed time is 0.696008 seconds.
GrB:
Elapsed time is 0.257728 seconds.

--------------------- GrB.hash3:
Elapsed time is 0.702887 seconds.
totnz/n      23.86 nnz C: 817307 A: 1.46836e+09 B: 61544
err 1.46679e-08 0


m 61578415 =======================threads is 2 nnz(B) is 61544

nthreads is 2
MATLAB:
Elapsed time is 0.697999 seconds.
GrB:
Elapsed time is 0.218437 seconds.

--------------------- GrB.hash3:
Elapsed time is 0.222685 seconds.
totnz/n      23.86 nnz C: 817307 A: 1.46836e+09 B: 61544
err 1.24607e-08 7.18101e-17


m 61578415 =======================threads is 4 nnz(B) is 61544

nthreads is 4
MATLAB:
Elapsed time is 0.699112 seconds.
GrB:
Elapsed time is 0.188270 seconds.

--------------------- GrB.hash3:
Elapsed time is 0.143184 seconds.
totnz/n      23.86 nnz C: 817307 A: 1.46836e+09 B: 61544
err 1.19674e-08 7.2263e-17


m 61578415 =======================threads is 8 nnz(B) is 61544

nthreads is 8
MATLAB:
Elapsed time is 0.699872 seconds.
GrB:
Elapsed time is 0.172214 seconds.

--------------------- GrB.hash3:
Elapsed time is 0.094756 seconds.
totnz/n      23.86 nnz C: 817307 A: 1.46836e+09 B: 61544
err 1.16412e-08 8.4015e-17


m 61578415 =======================threads is 16 nnz(B) is 61544

nthreads is 16
MATLAB:
Elapsed time is 0.699304 seconds.
GrB:
Elapsed time is 0.172134 seconds.

--------------------- GrB.hash3:
Elapsed time is 0.073082 seconds.
totnz/n      23.86 nnz C: 817307 A: 1.46836e+09 B: 61544
err 1.07974e-08 8.82032e-17


m 61578415 =======================threads is 20 nnz(B) is 61544

nthreads is 20
MATLAB:
Elapsed time is 0.699891 seconds.
GrB:
Elapsed time is 0.168490 seconds.

--------------------- GrB.hash3:
Elapsed time is 0.069113 seconds.
totnz/n      23.86 nnz C: 817307 A: 1.46836e+09 B: 61544
err 1.11006e-08 8.34595e-17


m 61578415 =======================threads is 32 nnz(B) is 61544

nthreads is 32
MATLAB:
Elapsed time is 0.699939 seconds.
GrB:
Elapsed time is 0.172534 seconds.

--------------------- GrB.hash3:
Elapsed time is 0.065052 seconds.
totnz/n      23.86 nnz C: 817307 A: 1.46836e+09 B: 61544
err 1.08906e-08 8.96501e-17


m 61578415 =======================threads is 40 nnz(B) is 61544

nthreads is 40
MATLAB:
Elapsed time is 0.700559 seconds.
GrB:
Elapsed time is 0.190379 seconds.

--------------------- GrB.hash3:
Elapsed time is 0.070377 seconds.
totnz/n      23.86 nnz C: 817307 A: 1.46836e+09 B: 61544
err 1.09141e-08 8.99582e-17


################################################################################

