kepner

A =

    536870912x536870912 GraphBLAS double matrix, hypersparse CSC, 2000 entries

    (16829868,344932)    0.866351
    (270345023,975092)    0.387987
    (192410172,997184)    0.167887
    (24653895,1728316)    0.579269
    (360731336,2198901)    0.650809
    (27000280,2653615)    0.633309
    (309050331,2811423)    0.915069
    (56000372,3183970)    0.472553
    (288853354,3317688)    0.535026
    (381188688,3583253)    0.805198
    ...


B =

    536870912x536870912 GraphBLAS double matrix, hypersparse CSC, 2000 entries

    (377326810,90417)    0.871222
    (17376807,95144)    0.784013
    (58187041,870993)    0.107845
    (119442974,1055235)    0.548206
    (79062344,1119788)    0.699976
    (466360424,1174155)    0.276601
    (163681663,1333677)    0.909049
    (433673734,1576456)    0.434981
    (359946346,1609174)    0.671807
    (108890525,2249829)    0.782152
    ...


C =

    288230376151711744x288230376151711744 GraphBLAS double matrix, hypersparse CSC, 4000000 entries

    (9035466422455514,185183420637489)    0.754784
    (9035466062505511,185183420642216)    0.67923
    (9035466103315745,185183421418065)    0.0934318
    (9035466164571678,185183421602307)    0.474939
    (9035466124191048,185183421666860)    0.606424
    (9035466511489128,185183421721227)    0.239633
    (9035466208810367,185183421880749)    0.787555
    (9035466478802438,185183422123528)    0.376846
    (9035466405075050,185183422156246)    0.582021
    (9035466154019229,185183422796901)    0.677618
    ...


s =

    1x288230376151711744 GraphBLAS double matrix, standard CSR, 4000000 entries

    (1,185183420637489)    0.754784
    (1,185183420642216)    0.67923
    (1,185183421418065)    0.0934318
    (1,185183421602307)    0.474939
    (1,185183421666860)    0.606424
    (1,185183421721227)    0.239633
    (1,185183421880749)    0.787555
    (1,185183422123528)    0.376846
    (1,185183422156246)    0.582021
    (1,185183422796901)    0.677618
    (1,185183422804131)    0.27614
    (1,185183422909879)    0.853111
    (1,185183423013519)    0.651533
    (1,185183423179139)    0.124625
    (1,185183423387679)    0.277983
    (1,185183423991914)    0.385332
    (1,185183424727097)    0.26307
    (1,185183425061110)    0.00586545
    (1,185183425066797)    0.0125831
    (1,185183425648333)    0.749427
    (1,185183426122456)    0.564324
    (1,185183426490031)    0.842631
    (1,185183426543883)    0.027757
    (1,185183426581209)    0.799288
    (1,185183427408340)    0.467382
    (1,185183427408428)    0.851441
    (1,185183427571177)    0.356851
    (1,185183427657544)    0.839272
    (1,185183427768868)    0.682489
    (1,185183427909914)    0.280729
    ...


H =

    288230376151711744x288230376151711744 GraphBLAS double matrix, hypersparse CSC, 4000000 entries

    (179622349458395969,76773614176994)    0.510878
    (179622349439035485,76773614785260)    0.258227
    (179622349412845272,76773614971444)    0.513516
    (179622349268258734,76773615648856)    0.0781514
    (179622349208610211,76773616815205)    0.123958
    (179622349093026915,76773616938487)    0.580344
    (179622349354707936,76773617507412)    0.29221
    (179622349294474808,76773617822557)    0.0422235
    (179622349164930074,76773618148916)    0.384238
    (179622349300375987,76773618568002)    0.600659
    ...


H =

    288230376151711744x288230376151711744 GraphBLAS double matrix, hypersparse CSC, 4000009 entries

    (1,1)    8
    (2,1)    3
    (3,1)    4
    (1,2)    1
    (2,2)    5
    (3,2)    9
    (1,3)    6
    (2,3)    7
    (3,3)    2
    (179622349458395969,76773614176994)    0.510878
    (179622349439035485,76773614785260)    0.258227
    (179622349412845272,76773614971444)    0.513516
    (179622349268258734,76773615648856)    0.0781514
    (179622349208610211,76773616815205)    0.123958
    (179622349093026915,76773616938487)    0.580344
    (179622349354707936,76773617507412)    0.29221
    ...

  Name                       Size                                Bytes  Class     Attributes

  A                  536870912x536870912                         65148  gb                  
  B                  536870912x536870912                         65148  gb                  
  C         288230376151711744x288230376151711744            128001148  gb                  
  H         288230376151711744x288230376151711744            128001340  gb                  
  i                    4000000x1                              32000000  double              
  j                    4000000x1                              32000000  double              
  n                          1x1                                     8  double              
  nz                         1x1                                     8  double              
  s                          1x288230376151711744             64000980  gb                  
  x                    4000000x1                              32000000  double              

Elapsed time is 0.611040 seconds.
diary off
