kepner

A =

    536870912x536870912 GraphBLAS double matrix, hypersparse CSC, 2000 entries

    (33328263,610867)    0.197891
    (355272204,837137)    0.410824
    (3214903,879672)    0.489675
    (532718906,971141)    0.77851
    (116284620,1199146)    0.258607
    (463886185,1220064)    0.642597
    (109707872,1350359)    0.627446
    (173427664,1408761)    0.597256
    (52192820,1466921)    0.714962
    (137422396,1546195)    0.657525
    ...


B =

    536870912x536870912 GraphBLAS double matrix, hypersparse CSC, 2000 entries

    (488933643,230364)    0.921613
    (290694279,529489)    0.418943
    (465093017,533095)    0.274861
    (354324389,541811)    0.452408
    (118527990,649892)    0.202727
    (5172991,1198197)    0.751324
    (195736175,1280467)    0.0137813
    (348477594,1328037)    0.538616
    (393217417,1568799)    0.167876
    (324128534,1645040)    0.531354
    ...


C =

    288230376151711744x288230376151711744 GraphBLAS double matrix, hypersparse CSC, 4000000 entries

    (17892974904248587,327956186760156)    0.182379
    (17892974706009223,327956187059281)    0.0829051
    (17892974880407961,327956187062887)    0.0543924
    (17892974769639333,327956187071603)    0.0895274
    (17892974533842934,327956187179684)    0.0401179
    (17892974420487935,327956187727989)    0.14868
    (17892974611051119,327956187810259)    0.00272719
    (17892974763792538,327956187857829)    0.106587
    (17892974808532361,327956188098591)    0.0332212
    (17892974739443478,327956188174832)    0.10515
    ...


s =

    1x288230376151711744 GraphBLAS double matrix, standard CSR, 4000000 entries

    (1,327956186760156)    0.182379
    (1,327956187059281)    0.0829051
    (1,327956187062887)    0.0543924
    (1,327956187071603)    0.0895274
    (1,327956187179684)    0.0401179
    (1,327956187727989)    0.14868
    (1,327956187810259)    0.00272719
    (1,327956187857829)    0.106587
    (1,327956188098591)    0.0332212
    (1,327956188174832)    0.10515
    (1,327956188327029)    0.00841936
    (1,327956188714610)    0.0873598
    (1,327956188784375)    0.171985
    (1,327956188905640)    0.156412
    (1,327956188924745)    0.103506
    (1,327956188936307)    0.0950298
    (1,327956189421844)    0.0740702
    (1,327956189890399)    0.0594155
    (1,327956190255293)    0.157977
    (1,327956190473703)    0.134532
    (1,327956190721082)    0.131325
    (1,327956191084904)    0.110917
    (1,327956191162410)    0.105491
    (1,327956191636671)    0.123835
    (1,327956191909359)    0.106964
    (1,327956192171371)    0.0779558
    (1,327956192567348)    0.0338621
    (1,327956192670802)    0.0526191
    (1,327956192944503)    0.0859194
    (1,327956193207060)    0.189023
    ...


H =

    288230376151711744x288230376151711744 GraphBLAS double matrix, hypersparse CSC, 4000000 entries

    (193046746199116906,82051055371218)    0.521657
    (193046746273418997,82051055679285)    0.350374
    (193046746277686495,82051055844754)    0.720581
    (193046746145277878,82051056743090)    0.508301
    (193046746269748531,82051056989286)    0.21388
    (193046746181450906,82051057074293)    0.121837
    (193046746219220206,82051057287973)    0.266508
    (193046746428250741,82051057649526)    0.337221
    (193046746111438808,82051058002747)    0.38527
    (193046746379975508,82051058241412)    0.190379
    ...


H =

    288230376151711744x288230376151711744 GraphBLAS double matrix, hypersparse CSC, 4000009 entries

    (1,1)    8
    (2,1)    3
    (3,1)    4
    (1,2)    1
    (2,2)    5
    (3,2)    9
    (1,3)    6
    (2,3)    7
    (3,3)    2
    (193046746199116906,82051055371218)    0.521657
    (193046746273418997,82051055679285)    0.350374
    (193046746277686495,82051055844754)    0.720581
    (193046746145277878,82051056743090)    0.508301
    (193046746269748531,82051056989286)    0.21388
    (193046746181450906,82051057074293)    0.121837
    (193046746219220206,82051057287973)    0.266508
    ...

Elapsed time is 0.684814 seconds.

non_empty_rows =

     4000004


non_empty_cols =

     4000003

  Name                                 Size                                Bytes  Class     Attributes

  A                            536870912x536870912                         65148  gb                  
  B                            536870912x536870912                         65148  gb                  
  C                   288230376151711744x288230376151711744            128001148  gb                  
  H                   288230376151711744x288230376151711744            128001372  gb                  
  coldegree                            1x288230376151711744             64001028  gb                  
  i                              4000000x1                              32000000  double              
  j                              4000000x1                              32000000  double              
  n                                    1x1                                     8  double              
  non_empty_cols                       1x1                                     8  double              
  non_empty_rows                       1x1                                     8  double              
  nz                                   1x1                                     8  double              
  rowdegree                            1x288230376151711744             64001044  gb                  
  s                                    1x288230376151711744             64000980  gb                  
  x                              4000000x1                              32000000  double              

Elapsed time is 0.318454 seconds.
diary off
